[6, 12, 18, 24, 30, 36, 42, 48, 54, 60]
[2, 4, 6, 8, 10, 12, 14, 16, 18, 20]
[10, 20, 30, 40, 50, 60, 70, 80, 90, 100]
[1, 2, 3, 4, 5, 6, 7, 8, 9, 10]
[40, 80, 120, 160, 200, 240, 280, 320, 360, 400]
Multiplication Table of 2: [2, 4, 6, 8, 10, 12, 14, 16, 18, 20]+
Multiplication Table of 1: [1, 2, 3, 4, 5, 6, 7, 8, 9, 10] 
Multiplication Table of 1: [1, 2, 3, 4, 5, 6, 7, 8, 9, 10] 
Multiplication Table of 2: [2, 4, 6, 8, 10, 12, 14, 16, 18, 20] 
[1, 2, 3, 4, 5, 6, 7, 8, 9, 10]
Multiplication Table of 1: [1, 2, 3, 4, 5, 6, 7, 8, 9, 10]
Multiplication Table of 2: [2, 4, 6, 8, 10, 12, 14, 16, 18, 20]
